10000 10000
r 4403 6074 2000 2000 138 237 207
c 6366 1354 2000 28 240 27
c 9404 8485 2000 129 6 146
r 2071 5214 2000 2000 198 54 169
c 4305 8923 2000 176 112 73
c 9765 7697 2000 118 154 104
c 5909 7425 2000 98 210 244
r 2939 1392 2000 2000 123 230 220
c 2095 8109 2000 52 133 238
c 2551 465 2000 45 213 229
c 8522 5812 2000 93 75 12
r 4319 8568 2000 2000 175 171 105
r 346 4150 2000 2000 126 102 183
c 7689 7079 2000 58 251 154
r 8976 2363 2000 2000 188 165 147
c 5724 3511 2000 151 147 220
c 6507 9843 2000 164 51 209
r 2939 52 2000 2000 79 120 118
c 5922 1754 2000 169 90 104
c 5163 4780 2000 188 115 102
r 3121 3973 2000 2000 222 182 19
r 5 3398 2000 2000 228 233 120
r 2647 2147 2000 2000 15 195 202
c 7636 8161 2000 169 16 161
c 421 2847 2000 161 45 117
c 5611 1349 2000 178 216 10
r 9726 8400 2000 2000 28 21 21
c 4972 2866 2000 229 118 104
r 4160 329 2000 2000 14 11 167
c 7900 3256 2000 6 121 11
r 525 6896 2000 2000 44 135 69
r 5735 1145 2000 2000 116 80 160
c 1984 2019 2000 200 0 221
r 3910 1122 2000 2000 215 102 123
r 4000 328 2000 2000 190 241 240
c 3780 3497 2000 110 182 189
r 3883 6519 2000 2000 150 159 214
c 9744 6143 2000 249 10 231
c 638 5035 2000 143 165 72
r 2473 1832 2000 2000 163 51 236
c 5770 6097 2000 9 178 78
c 497 2599 2000 156 253 26
c 9166 4053 2000 174 140 21
c 5802 7875 2000 144 110 185
r 4655 9094 2000 2000 155 145 201
c 8219 945 2000 229 203 15
r 4047 6072 2000 2000 47 256 183
c 2623 2475 2000 70 252 181
c 3909 4463 2000 142 34 77
c 2694 4216 2000 231 9 211
c 5065 2671 2000 150 236 230
c 7620 657 2000 77 193 169
r 1728 9358 2000 2000 41 97 228
r 814 1757 2000 2000 169 9 255
r 5734 2958 2000 2000 144 69 86
c 3784 4385 2000 82 187 36
r 5905 3307 2000 2000 124 108 146
c 4640 3309 2000 249 221 184
r 6027 4654 2000 2000 232 218 232
c 7978 8722 2000 188 218 252
r 1470 4928 2000 2000 183 165 15
r 5945 1431 2000 2000 225 56 117
r 5671 4410 2000 2000 109 156 211
c 6402 9582 2000 77 254 31
c 715 2618 2000 25 51 127
c 4774 6817 2000 99 10 172
c 6476 7854 2000 213 21 188
c 6690 5620 2000 106 126 146
r 7905 4997 2000 2000 41 30 203
c 3720 4193 2000 28 158 71
c 5726 4896 2000 155 122 69
r 4194 275 2000 2000 78 44 141
c 7494 6312 2000 183 68 146
c 2535 6639 2000 48 63 116
c 2859 3775 2000 127 36 100
r 3692 268 2000 2000 39 57 183
r 2309 3224 2000 2000 175 188 213
c 6994 9481 2000 172 190 61
c 8780 7673 2000 238 26 146
c 2814 6603 2000 13 104 90
c 5540 6120 2000 43 13 168
r 3758 6241 2000 2000 191 171 162
r 8582 170 2000 2000 198 74 252
r 9516 3344 2000 2000 140 85 113
c 2139 5310 2000 225 69 48
r 3255 8137 2000 2000 9 241 248
c 4236 4957 2000 228 47 102
c 3143 1858 2000 167 219 27
c 4499 5239 2000 169 196 125
c 3682 34 2000 89 70 219
c 1981 8099 2000 232 225 50
c 2176 5815 2000 138 19 219
r 4173 9147 2000 2000 251 101 86
c 3754 7678 2000 93 248 120
c 2787 8868 2000 66 178 27
c 8625 7648 2000 184 154 62
c 3069 4620 2000 142 47 226
r 2838 5178 2000 2000 187 125 151
c 5905 810 2000 53 133 219
r 1365 7932 2000 2000 255 60 224
c 8733 6451 2000 104 201 21
c 6055 5569 2000 98 4 48
c 8432 1628 2000 35 14 28
c 2225 3832 2000 77 230 242
r 87 7228 2000 2000 177 206 215
c 2479 5802 2000 125 28 58
c 1096 735 2000 52 197 197
c 7966 2083 2000 13 80 123
c 1625 458 2000 3 97 126
c 6323 1528 2000 55 241 90
c 6511 7524 2000 28 186 223
c 7373 7352 2000 24 83 31
c 8978 9384 2000 255 70 207
r 9070 8401 2000 2000 217 133 187
r 1128 8521 2000 2000 221 71 215
c 3039 9399 2000 132 82 116
c 4093 8213 2000 249 73 28
c 4915 4850 2000 60 189 153
c 3067 522 2000 151 121 201
c 4561 7931 2000 44 254 75
c 9164 9228 2000 245 39 103
c 4203 4089 2000 229 15 97
r 3832 9993 2000 2000 99 122 171
r 3565 2334 2000 2000 75 115 38
c 4523 8810 2000 97 49 209
c 1026 6501 2000 136 143 131
c 1667 5114 2000 147 49 35
r 7657 1626 2000 2000 144 185 149
c 4902 5136 2000 228 81 253
r 9308 5406 2000 2000 243 210 35
r 9612 6298 2000 2000 251 3 113
r 4064 48 2000 2000 13 131 50
c 9069 5449 2000 117 94 238
c 6503 2117 2000 95 128 118
c 9430 1902 2000 134 82 3
r 4291 35 2000 2000 179 39 139
r 8216 7126 2000 2000 128 142 152
c 3375 9376 2000 143 69 230
c 9538 9037 2000 93 178 24
c 515 4931 2000 61 27 39
c 2902 9307 2000 177 31 46
c 3937 5810 2000 129 123 154
c 2799 4097 2000 172 68 178
r 4874 3482 2000 2000 239 51 119
r 496 2822 2000 2000 78 123 24
r 502 281 2000 2000 75 6 75
c 6162 4857 2000 96 217 155
r 1556 8376 2000 2000 44 99 96
r 8755 7349 2000 2000 248 30 45
c 5821 2732 2000 65 148 95
c 2939 1891 2000 128 64 234
r 2560 2538 2000 2000 226 215 136
r 6166 7105 2000 2000 108 110 13
c 3972 2358 2000 110 227 16
r 9151 9389 2000 2000 247 206 67
r 7622 4391 2000 2000 146 220 47
r 1884 4570 2000 2000 65 135 81
c 440 896 2000 105 110 169
c 149 8469 2000 54 233 21
c 7305 3651 2000 35 94 112
c 3624 1124 2000 127 140 19
r 3187 5845 2000 2000 213 30 137
r 9389 2656 2000 2000 40 174 166
r 5552 3841 2000 2000 210 93 238
c 7528 2482 2000 2 163 106
c 8097 7185 2000 98 217 9
c 8155 5543 2000 168 76 19
r 2850 9353 2000 2000 188 194 64
c 1588 7130 2000 235 251 214
r 4677 9408 2000 2000 232 80 43
r 9481 5141 2000 2000 111 178 199
c 6364 1960 2000 235 94 25
r 5224 1658 2000 2000 48 89 49
r 1555 1259 2000 2000 223 64 194
c 2772 1795 2000 251 186 240
c 449 8170 2000 126 245 127
r 4417 9942 2000 2000 62 11 193
c 1459 3188 2000 168 123 104
c 3836 8604 2000 64 153 158
r 2296 4618 2000 2000 97 237 91
r 688 6160 2000 2000 190 210 193
c 4947 8358 2000 243 108 92
r 6885 7221 2000 2000 244 31 185
c 8593 9455 2000 234 16 136
c 7611 4364 2000 102 180 120
c 9219 8011 2000 44 94 94
r 3783 9297 2000 2000 26 80 71
c 6152 2750 2000 201 169 159
r 9526 6508 2000 2000 145 220 157
c 8803 6657 2000 3 193 86
c 1022 8716 2000 38 12 200
r 3842 3859 2000 2000 206 208 215
r 4928 1106 2000 2000 20 223 219
r 6592 1115 2000 2000 197 244 57
r 1352 6099 2000 2000 67 61 143
c 6857 4308 2000 67 74 112
c 7331 3772 2000 248 7 233
r 7976 8345 2000 2000 168 151 148
r 787 3074 2000 2000 180 198 188
r 7580 61 2000 2000 117 149 125
r 7844 1324 2000 2000 38 110 225
r 9850 9044 2000 2000 198 0 83
c 6394 5596 2000 51 75 122
c 8682 7406 2000 176 69 99
r 332 7567 2000 2000 130 83 59
c 6659 9823 2000 255 223 176
c 3839 5244 2000 41 208 155
r 6730 3214 2000 2000 9 72 117
c 8339 3041 2000 156 193 136
c 7917 3213 2000 235 36 239
c 2606 982 2000 212 174 87
r 6388 9744 2000 2000 136 13 146
c 5636 8222 2000 213 41 8
c 3058 2835 2000 71 214 40
c 9440 2108 2000 125 201 231
r 6475 8035 2000 2000 97 133 168
c 734 3245 2000 107 128 177
c 187 8302 2000 3 90 84
c 8452 415 2000 171 233 170
c 1044 2710 2000 14 194 163
c 6139 8221 2000 45 207 142
c 1479 8769 2000 21 86 5
c 6566 9706 2000 186 83 133
c 5544 8818 2000 98 73 177
c 2802 3750 2000 22 203 127
c 3114 5582 2000 98 176 92
c 9665 0 2000 56 248 235
c 3333 7930 2000 194 160 107
c 9069 6686 2000 18 69 123
c 1797 6830 2000 86 139 30
c 2501 7320 2000 98 204 163
r 5129 257 2000 2000 180 240 55
r 6482 167 2000 2000 142 46 205
r 9146 9424 2000 2000 98 68 44
c 6427 5966 2000 119 37 90
c 5620 2739 2000 207 159 244
c 5651 677 2000 115 226 93
c 5224 7987 2000 16 68 44
r 3627 3123 2000 2000 195 57 165
c 3498 2479 2000 134 158 250
c 8499 7230 2000 60 243 55
c 5942 3763 2000 206 23 58
r 2596 3908 2000 2000 251 176 156
c 2719 9737 2000 38 131 131
r 6216 5266 2000 2000 167 208 87
r 4863 3081 2000 2000 221 57 247
r 2108 4425 2000 2000 185 228 75
c 4790 1700 2000 175 178 78
c 6919 7506 2000 111 51 177
c 3455 3214 2000 6 21 254
r 1550 1328 2000 2000 31 242 48
r 6319 1588 2000 2000 44 246 108
c 1884 5944 2000 38 210 181
r 7636 4735 2000 2000 43 153 196
c 8577 7595 2000 209 196 62
c 4344 3399 2000 165 31 166
c 477 1021 2000 65 185 7
r 7903 7703 2000 2000 88 33 18
c 2027 9284 2000 144 165 234
c 7882 3441 2000 68 43 191
c 4149 6884 2000 249 102 53
c 2593 9133 2000 9 112 96
c 9690 6441 2000 39 168 176
r 1796 1493 2000 2000 255 82 220
r 4797 8066 2000 2000 100 12 20
c 838 6053 2000 200 162 121
r 2270 5727 2000 2000 151 238 166
c 3109 8332 2000 57 96 164
c 3296 4096 2000 149 91 27
c 8735 6509 2000 62 253 161
c 6638 8808 2000 254 81 86
r 2215 6015 2000 2000 198 146 49
r 1847 1188 2000 2000 60 137 87
c 7296 2712 2000 107 144 113
c 9048 9268 2000 102 106 115
c 8412 4681 2000 65 73 45
c 1512 9706 2000 145 48 1
c 2507 5830 2000 28 81 6
r 6626 7712 2000 2000 213 83 66
r 1976 2959 2000 2000 187 190 23
c 4127 4180 2000 81 238 96
c 5105 2651 2000 242 24 236
c 9993 8255 2000 230 42 54
c 3326 9350 2000 120 233 84
c 3831 9526 2000 26 48 111
r 488 9839 2000 2000 152 133 184
r 3145 8028 2000 2000 219 95 187
c 9644 8569 2000 150 138 154
r 9215 227 2000 2000 212 55 152
c 1848 283 2000 23 118 64
c 1308 740 2000 138 137 179
c 1710 175 2000 37 23 233
c 7209 6010 2000 1 170 51
c 3466 4026 2000 103 80 141
c 5984 9380 2000 10 228 180
r 5992 1884 2000 2000 187 171 216
c 7246 2787 2000 28 151 156
c 2963 1905 2000 115 58 225
c 7819 3521 2000 154 134 244
c 8586 8118 2000 217 126 247
c 7147 9938 2000 175 44 208
r 5288 3725 2000 2000 100 44 34
c 369 9499 2000 116 102 154
r 5215 7724 2000 2000 182 118 40
c 6677 7376 2000 42 36 54
c 1581 5700 2000 36 149 14
r 6181 2715 2000 2000 39 186 2
c 5627 4686 2000 253 237 145
c 2272 1886 2000 21 174 13
r 7818 304 2000 2000 81 244 223
r 3667 8408 2000 2000 34 184 208
c 6671 4311 2000 95 237 167
c 5124 2170 2000 131 98 86
c 5955 9205 2000 109 60 76
c 2093 707 2000 174 203 17
c 3516 7985 2000 75 13 112
c 5642 4817 2000 12 157 66
r 2401 2502 2000 2000 197 7 211
r 3049 5270 2000 2000 132 148 115
c 9312 436 2000 112 234 201
r 10000 4450 2000 2000 163 130 256
c 995 3227 2000 255 223 210
c 6172 5180 2000 148 21 48
r 249 8078 2000 2000 101 204 9
c 2729 3073 2000 214 128 24
r 3211 54 2000 2000 153 75 109
r 5833 4408 2000 2000 90 220 241
r 8886 2079 2000 2000 37 150 155
c 2017 5085 2000 89 89 199
c 4969 5745 2000 217 81 101
r 9855 9150 2000 2000 54 182 164
c 6384 7295 2000 170 190 147
c 2791 7457 2000 176 146 83
c 5470 9658 2000 118 185 219
c 360 7718 2000 69 64 44
c 4699 8134 2000 231 89 176
c 6870 5212 2000 147 96 81
c 7535 5607 2000 27 200 197
c 9539 6200 2000 247 145 50
c 1613 4402 2000 139 222 10
c 3025 7812 2000 214 150 168
r 4833 1197 2000 2000 32 100 158
c 1326 8551 2000 133 109 250
r 5141 3394 2000 2000 131 200 213
r 3227 9513 2000 2000 20 1 207
c 1737 6957 2000 235 37 62
c 8931 2789 2000 247 73 207
c 4522 7005 2000 62 86 78
r 2592 2201 2000 2000 213 177 141
r 6817 6828 2000 2000 199 198 38
r 5798 7514 2000 2000 65 98 203
c 2645 6384 2000 16 54 135
c 7142 3616 2000 255 110 39
r 9025 8798 2000 2000 195 217 42
c 3247 2021 2000 77 0 87
c 6192 9097 2000 183 144 153
c 4973 8395 2000 96 186 196
c 4023 2197 2000 224 221 205
c 522 6939 2000 62 20 54
r 920 9876 2000 2000 67 7 7
c 9401 6436 2000 162 134 130
c 2000 3880 2000 86 140 178
r 9091 2809 2000 2000 228 242 117
c 3457 9620 2000 132 112 139
c 2194 8225 2000 239 126 86
r 8160 6501 2000 2000 132 55 223
r 4237 1867 2000 2000 146 117 151
c 4721 7185 2000 77 221 71
r 4469 3895 2000 2000 81 193 60
r 6670 6458 2000 2000 83 17 99
c 5084 3689 2000 131 27 252
c 7342 5345 2000 0 222 130
c 5337 8965 2000 19 180 97
c 1760 3900 2000 174 43 96
r 3827 5218 2000 2000 183 251 45
c 4780 7494 2000 200 124 76
c 4261 261 2000 106 223 187
r 1146 2208 2000 2000 80 218 129
c 7227 7139 2000 234 222 188
r 9747 6059 2000 2000 177 182 77
c 9981 5946 2000 147 139 229
r 6424 6542 2000 2000 215 165 221
c 7574 9447 2000 224 223 130
r 6913 5188 2000 2000 66 118 216
r 3693 4856 2000 2000 50 101 102
c 8904 5956 2000 250 33 146
c 5131 9507 2000 23 134 135
c 8498 9683 2000 195 175 98
c 254 5137 2000 236 238 201
r 6917 7847 2000 2000 225 182 85
r 7970 1066 2000 2000 23 31 122
c 6915 1063 2000 168 30 244
c 2551 3075 2000 120 97 251
c 806 4714 2000 12 41 255
r 1951 1653 2000 2000 156 48 55
c 8169 3509 2000 237 95 229
c 546 6160 2000 51 225 234
c 7351 1127 2000 21 253 29
c 644 6679 2000 143 239 49
c 1419 8536 2000 59 92 29
c 1577 7565 2000 79 3 196
r 2702 8204 2000 2000 175 194 62
r 5920 4219 2000 2000 187 157 216
c 2716 6118 2000 14 76 159
c 3240 8038 2000 31 233 232
c 1872 7078 2000 187 164 66
c 8612 9621 2000 25 86 87
c 5699 5293 2000 23 6 33
c 8579 8458 2000 48 156 84
c 5835 9314 2000 74 82 9
c 3877 5947 2000 18 217 198
c 5037 5203 2000 40 112 187
c 8661 451 2000 179 96 100
c 5445 3697 2000 188 249 168
c 3809 8120 2000 143 242 25
r 9312 617 2000 2000 21 91 10
c 794 5985 2000 168 112 153
r 5212 9329 2000 2000 148 197 249
c 4549 3272 2000 199 194 181
r 1246 4320 2000 2000 13 135 22
r 9515 2420 2000 2000 216 92 229
c 3067 8852 2000 197 68 46
c 1315 9120 2000 113 94 148
c 4057 178 2000 55 5 241
c 5960 4088 2000 48 3 103
r 981 9895 2000 2000 82 157 88
c 3517 9308 2000 54 65 50
c 4166 3273 2000 121 222 220
c 3463 8838 2000 81 51 3
c 9568 3554 2000 199 74 155
c 1500 428 2000 172 220 32
c 8754 1424 2000 212 142 35
c 5333 3799 2000 236 194 206
c 9499 3261 2000 236 180 44
c 4074 8752 2000 20 16 235
c 6404 7666 2000 155 157 255
c 9604 4656 2000 83 150 11
c 9638 800 2000 59 198 88
r 9320 578 2000 2000 160 65 29
r 6427 4275 2000 2000 100 230 14
r 7917 8381 2000 2000 114 234 171
c 8203 4632 2000 131 84 170
r 3902 3076 2000 2000 121 67 49
c 6261 4718 2000 159 187 183
r 4212 1457 2000 2000 12 17 47
r 8299 8329 2000 2000 172 5 50
r 6561 8384 2000 2000 44 68 58
c 6671 8839 2000 220 139 74
c 7679 2407 2000 105 86 21
c 7787 6399 2000 21 224 19
r 1815 3191 2000 2000 136 235 180
c 9608 8457 2000 219 254 100
r 4098 663 2000 2000 95 188 31
c 4222 4859 2000 220 82 160
c 3014 2027 2000 20 15 52
c 3924 206 2000 245 44 176
r 4392 2840 2000 2000 228 76 230
c 5168 1675 2000 237 66 206
c 7772 5776 2000 148 135 191
c 350 278 2000 243 89 35
c 838 5742 2000 63 106 256
c 5237 9290 2000 100 83 225
r 3038 3804 2000 2000 51 115 55
c 2637 7828 2000 191 105 230
r 3650 8876 2000 2000 170 136 69
c 1375 9113 2000 155 241 92
c 7198 823 2000 91 66 98
c 2571 1154 2000 16 64 251
r 4534 8981 2000 2000 225 119 10
r 9728 5532 2000 2000 126 153 41
r 5473 9766 2000 2000 164 25 10
c 6215 7435 2000 57 207 125
c 5143 3567 2000 137 117 75
c 2505 3130 2000 144 227 10
c 464 7635 2000 15 115 54
r 305 8163 2000 2000 86 39 26
c 5516 3683 2000 106 239 33
r 6442 8118 2000 2000 232 199 151
r 4243 2354 2000 2000 23 79 140
r 34 5980 2000 2000 181 83 147
r 5750 4295 2000 2000 60 89 71
c 3342 4006 2000 205 39 102
c 1589 7687 2000 248 185 152
c 6501 8135 2000 184 81 154
c 7125 8641 2000 83 111 24
c 6308 1671 2000 181 188 55
c 5338 6688 2000 166 57 87
c 2034 2592 2000 180 82 4
c 4781 7504 2000 104 197 169
c 7857 1858 2000 170 213 240
c 4427 7739 2000 194 158 31
c 7043 7736 2000 243 212 32
c 7086 6094 2000 33 181 212
c 9065 4310 2000 186 251 86
c 4415 9045 2000 170 224 224
c 3890 4337 2000 54 157 207
r 4093 8066 2000 2000 184 209 51
c 9507 2727 2000 43 104 209
c 2351 6913 2000 186 48 169
r 714 1034 2000 2000 150 227 219
